20 20
0.340843 0.998803 0.380499 0.636094 0.403753 0.978566 0.370852 0.901861 0.118078 0.013114 0.463678 0.945694 0.757231 0.792159 0.724824 0.132718 0.619657 0.785695 0.873759 0.761088
0.115660 0.683867 0.929799 0.374242 0.050186 0.436885 0.030174 0.261551 0.710115 0.630313 0.859943 0.028245 0.648743 0.949919 0.947749 0.446722 0.909475 0.128066 0.035764 0.145621
0.912514 0.982938 0.372286 0.300495 0.143609 0.566981 0.488693 0.511778 0.248956 0.158097 0.861242 0.876030 0.479497 0.450059 0.605867 0.672394 0.886966 0.944027 0.523681 0.645791
0.883235 0.595055 0.174825 0.997544 0.703890 0.948328 0.931640 0.787194 0.590920 0.177490 0.089732 0.535038 0.374344 0.827583 0.365785 0.241316 0.740982 0.916501 0.783107 0.421106
0.817423 0.390064 0.597303 0.924522 0.296364 0.314900 0.516341 0.659013 0.259695 0.404620 0.311111 0.896041 0.280641 0.800980 0.879824 0.780732 0.549906 0.059351 0.732890 0.878598
0.955900 0.600411 0.049651 0.921884 0.859433 0.328439 0.758058 0.351870 0.824054 0.909756 0.893432 0.583343 0.570974 0.976019 0.595104 0.744622 0.228019 0.090463 0.512259 0.402058
0.158615 0.587757 0.753580 0.658297 0.424007 0.521097 0.647272 0.097486 0.646539 0.006276 0.271278 0.625620 0.030697 0.231715 0.308254 0.975543 0.167689 0.826433 0.736081 0.191281
0.561560 0.321789 0.240443 0.237592 0.284341 0.129272 0.038243 0.661645 0.487973 0.820383 0.463620 0.419892 0.421600 0.434112 0.932707 0.604681 0.094533 0.257920 0.336285 0.268797
0.193122 0.584849 0.108778 0.314614 0.072199 0.381895 0.219445 0.695812 0.045914 0.789353 0.997656 0.416678 0.338984 0.419320 0.190178 0.679406 0.493225 0.344076 0.390955 0.623704
0.965563 0.184076 0.341659 0.288300 0.843354 0.758228 0.493864 0.331991 0.211559 0.286896 0.200735 0.644527 0.650235 0.020900 0.917409 0.910745 0.643177 0.414266 0.097424 0.320587
0.271481 0.419108 0.505628 0.257405 0.475803 0.990824 0.039046 0.418269 0.638160 0.207619 0.639139 0.304234 0.086680 0.942604 0.729062 0.335763 0.713217 0.010018 0.328695 0.125059
0.255096 0.542057 0.668630 0.728251 0.312938 0.061509 0.049551 0.512797 0.777434 0.599302 0.815966 0.967900 0.183764 0.080130 0.942423 0.530425 0.845949 0.023502 0.560561 0.460053
0.254098 0.137791 0.652279 0.721113 0.549054 0.151274 0.647636 0.641589 0.729778 0.740201 0.018495 0.947383 0.339316 0.676361 0.715130 0.540517 0.282922 0.101023 0.840957 0.083531
0.819894 0.900697 0.839554 0.973379 0.994904 0.517508 0.288426 0.678022 0.070592 0.345042 0.068911 0.729679 0.952491 0.781412 0.861530 0.370285 0.707273 0.787808 0.610188 0.153392
0.677913 0.114325 0.180794 0.041445 0.186443 0.528258 0.229940 0.324195 0.632402 0.971507 0.061747 0.368769 0.959714 0.495160 0.670130 0.542471 0.370112 0.183356 0.078406 0.517345
0.974305 0.632815 0.686307 0.059343 0.052702 0.533031 0.632874 0.332378 0.412591 0.811371 0.583929 0.703871 0.734127 0.609520 0.428373 0.056925 0.551386 0.358894 0.866832 0.442666
0.274917 0.967247 0.638374 0.465621 0.704863 0.545795 0.957108 0.154677 0.197127 0.032480 0.795050 0.606910 0.748452 0.532351 0.801244 0.787694 0.870156 0.254718 0.385622 0.169213
0.321559 0.027899 0.248453 0.065534 0.572703 0.574779 0.641522 0.086455 0.283928 0.322323 0.260631 0.772903 0.610751 0.520137 0.644246 0.818611 0.030574 0.187357 0.280471 0.003391
0.417029 0.130838 0.565257 0.954198 0.147483 0.942052 0.745711 0.446509 0.951630 0.774726 0.724265 0.955551 0.536872 0.413277 0.617458 0.584260 0.235389 0.020870 0.781987 0.343464
0.666921 0.936293 0.267088 0.595650 0.365583 0.292436 0.172762 0.686688 0.911630 0.741957 0.495966 0.671339 0.080656 0.861166 0.439793 0.318817 0.459531 0.717095 0.466037 0.691178
