20 20
0.411311 0.747182 0.061532 0.885598 0.794029 0.959006 0.197674 0.805704 0.906998 0.743702 0.819865 0.121459 0.844028 0.397914 0.743423 0.232162 0.282451 0.799833 0.322057 0.757916
0.520889 0.684393 0.380007 0.145415 0.145219 0.177112 0.832888 0.442595 0.939579 0.236860 0.739227 0.432944 0.044970 0.954605 0.927811 0.577642 0.274252 0.008031 0.308391 0.924632
0.488740 0.967295 0.688487 0.700533 0.534770 0.174648 0.331450 0.338329 0.458247 0.837718 0.944248 0.328597 0.539881 0.348757 0.050925 0.208586 0.344335 0.166326 0.967595 0.362467
0.895218 0.199787 0.511929 0.015331 0.460744 0.640486 0.064353 0.843050 0.283704 0.201957 0.926744 0.825945 0.438558 0.675768 0.703448 0.607089 0.679660 0.403715 0.645056 0.319499
0.736813 0.368526 0.579539 0.846418 0.685477 0.336601 0.786755 0.609329 0.467860 0.215078 0.333958 0.894170 0.385789 0.302650 0.608787 0.813800 0.511638 0.925642 0.737474 0.465460
0.070890 0.217759 0.648848 0.381055 0.608015 0.017161 0.268740 0.134653 0.097634 0.865830 0.710665 0.119872 0.275735 0.056499 0.731206 0.460671 0.284391 0.945307 0.948209 0.090298
0.891859 0.227547 0.718275 0.707658 0.793371 0.918180 0.423778 0.842783 0.354963 0.342322 0.575546 0.149586 0.019377 0.318578 0.333604 0.453406 0.117335 0.202342 0.776173 0.645682
0.962763 0.490227 0.223155 0.040467 0.510209 0.066941 0.913300 0.848608 0.799843 0.077650 0.636621 0.414264 0.567746 0.602300 0.903238 0.701267 0.924222 0.146412 0.423930 0.522732
0.452428 0.675571 0.172531 0.521310 0.705404 0.978139 0.372637 0.073621 0.079262 0.441552 0.215357 0.073177 0.590611 0.694445 0.310732 0.690050 0.475648 0.160501 0.522689 0.338329
0.613431 0.555224 0.609168 0.428271 0.151248 0.056584 0.045172 0.143615 0.230332 0.684214 0.031753 0.391725 0.858921 0.042046 0.312903 0.526305 0.592549 0.685539 0.846946 0.265322
0.552076 0.795440 0.761776 0.831437 0.431178 0.189488 0.689799 0.165048 0.785685 0.769996 0.045002 0.333615 0.892513 0.484649 0.356985 0.421658 0.162330 0.091426 0.089162 0.809732
0.458474 0.747182 0.178400 0.680080 0.509878 0.479671 0.305507 0.573915 0.673691 0.827418 0.232696 0.253775 0.060517 0.343472 0.833536 0.349603 0.284383 0.294965 0.549938 0.451892
0.841677 0.565121 0.436680 0.849803 0.424647 0.257832 0.551091 0.711817 0.640931 0.388427 0.732935 0.406416 0.274761 0.924868 0.740544 0.524837 0.053545 0.273716 0.160171 0.053618
0.357089 0.163739 0.824586 0.027087 0.713659 0.729298 0.398084 0.625767 0.114688 0.301406 0.692375 0.597001 0.410660 0.814916 0.838051 0.878179 0.128617 0.261031 0.682971 0.372579
0.338963 0.234544 0.440839 0.092487 0.979764 0.436431 0.393244 0.394350 0.250258 0.516855 0.080774 0.861421 0.715411 0.978571 0.317656 0.702427 0.894833 0.195891 0.108241 0.873604
0.205836 0.700577 0.166869 0.890198 0.942104 0.481280 0.856947 0.683370 0.173289 0.206828 0.746076 0.221113 0.479594 0.338255 0.470348 0.785065 0.607192 0.496043 0.556961 0.404036
0.121927 0.804231 0.999386 0.854486 0.002501 0.466078 0.750448 0.974446 0.858399 0.683303 0.399651 0.811592 0.419461 0.960840 0.094824 0.212945 0.981885 0.409949 0.703632 0.474389
0.896628 0.316459 0.568339 0.709127 0.351762 0.958296 0.736769 0.522140 0.142543 0.561706 0.238245 0.853635 0.045467 0.914911 0.609968 0.967996 0.760218 0.919117 0.348823 0.849895
0.134282 0.190838 0.726382 0.593755 0.750182 0.314614 0.420417 0.427307 0.244649 0.014995 0.787324 0.798625 0.245872 0.374978 0.415738 0.720072 0.808191 0.905475 0.319294 0.724691
0.934542 0.931319 0.468307 0.661168 0.886548 0.575508 0.056695 0.371783 0.655191 0.137307 0.941642 0.076640 0.885679 0.469717 0.173166 0.888332 0.361930 0.368779 0.536063 0.473907
